# Vertices
11
# Premios
000 039 001 062 077 025 021 054 031 020 053 
# Matriz de Distancias
000 066 820 889 739 422 261 691 533 584 815 
066 000 505 056 397 200 446 097 995 228 723 
820 505 000 987 081 426 584 217 213 745 214 
889 056 987 000 411 253 258 621 672 634 830 
739 397 081 411 000 710 282 980 643 621 797 
422 200 426 253 710 000 299 174 557 688 367 
261 446 584 258 282 299 000 797 768 660 696 
691 097 217 621 980 174 797 000 478 995 368 
533 995 213 672 643 557 768 478 000 959 482 
584 228 745 634 621 688 660 995 959 000 660 
815 723 214 830 797 367 696 368 482 660 000 